117895 719
127559 64
134650 91
137917 781
147059 363
150528 175
153653 139
158087 840
163982 47
166730 621
172878 305
198806 987
199935 925
201845 925
212608 470
239929 688
258205 825
260368 564
261621 540
261808 459
262756 177
266747 666
277474 666
28567 147
286909 733
289898 272
311382 357
314544 505
324811 219
335029 960
338149 759
345973 237
355015 448
384012 220
388232 519
412311 321
414881 164
416632 7
427865 307
428577 346
44627 309
465908 838
471900 987
474717 490
475158 283
483489 348
487087 54
492255 919
496848 627
497114 606
499285 890
504126 827
50443 619
508499 693
514186 273
517126 807
519753 141
562129 245
569071 609
578679 286
582302 665
584859 908
592992 975
601166 425
604836 316
611970 168
616622 625
624206 566
625536 965
625837 513
650001 295
665960 854
67510 149
678997 197
691492 294
696862 539
71288 844
719210 135
727592 136
727656 685
729428 35
737486 742
740390 231
753635 344
760135 887
777845 27
781077 973
794677 652
801591 324
806796 274
807798 374
812149 139
851672 870
873682 775
874226 681
900538 758
933090 701
938063 458
966517 704
978993 737
